(kicad_pcb (version 20171130) (host pcbnew "(5.0.2)-1")

  (general
    (thickness 1.6)
    (drawings 0)
    (tracks 75)
    (zones 0)
    (modules 23)
    (nets 10)
  )

  (page A4)
  (layers
    (0 F.Cu signal)
    (31 B.Cu signal)
    (32 B.Adhes user)
    (33 F.Adhes user)
    (34 B.Paste user)
    (35 F.Paste user)
    (36 B.SilkS user)
    (37 F.SilkS user)
    (38 B.Mask user)
    (39 F.Mask user)
    (40 Dwgs.User user)
    (41 Cmts.User user)
    (42 Eco1.User user)
    (43 Eco2.User user)
    (44 Edge.Cuts user)
    (45 Margin user)
    (46 B.CrtYd user)
    (47 F.CrtYd user hide)
    (48 B.Fab user)
    (49 F.Fab user hide)
  )

  (setup
    (last_trace_width 0.5)
    (trace_clearance 0.4)
    (zone_clearance 0.4)
    (zone_45_only no)
    (trace_min 0.2)
    (segment_width 0.2)
    (edge_width 0.1)
    (via_size 0.8)
    (via_drill 0.4)
    (via_min_size 0.4)
    (via_min_drill 0.3)
    (uvia_size 0.3)
    (uvia_drill 0.1)
    (uvias_allowed no)
    (uvia_min_size 0.2)
    (uvia_min_drill 0.1)
    (pcb_text_width 0.3)
    (pcb_text_size 1.5 1.5)
    (mod_edge_width 0.15)
    (mod_text_size 1 1)
    (mod_text_width 0.15)
    (pad_size 1.5 1.5)
    (pad_drill 0.6)
    (pad_to_mask_clearance 0)
    (solder_mask_min_width 0.25)
    (aux_axis_origin 0 0)
    (visible_elements 7FFFFFFF)
    (pcbplotparams
      (layerselection 0x010fc_ffffffff)
      (usegerberextensions false)
      (usegerberattributes false)
      (usegerberadvancedattributes false)
      (creategerberjobfile false)
      (excludeedgelayer true)
      (linewidth 0.100000)
      (plotframeref false)
      (viasonmask false)
      (mode 1)
      (useauxorigin false)
      (hpglpennumber 1)
      (hpglpenspeed 20)
      (hpglpendiameter 15.000000)
      (psnegative false)
      (psa4output false)
      (plotreference true)
      (plotvalue true)
      (plotinvisibletext false)
      (padsonsilk false)
      (subtractmaskfromsilk false)
      (outputformat 1)
      (mirror false)
      (drillshape 1)
      (scaleselection 1)
      (outputdirectory ""))
  )

  (net 0 "")
  (net 1 GND)
  (net 2 V_IN)
  (net 3 V_OUT)
  (net 4 "Net-(D1-Pad1)")
  (net 5 "Net-(D2-Pad2)")
  (net 6 PWM)
  (net 7 GP)
  (net 8 "Net-(D3-Pad2)")
  (net 9 BTN)

  (net_class Default "This is the default net class."
    (clearance 0.4)
    (trace_width 0.5)
    (via_dia 0.8)
    (via_drill 0.4)
    (uvia_dia 0.3)
    (uvia_drill 0.1)
    (add_net BTN)
    (add_net GND)
    (add_net GP)
    (add_net "Net-(D1-Pad1)")
    (add_net "Net-(D2-Pad2)")
    (add_net "Net-(D3-Pad2)")
    (add_net PWM)
    (add_net V_IN)
    (add_net V_OUT)
  )

  (net_class sig ""
    (clearance 0.3)
    (trace_width 0.3)
    (via_dia 0.8)
    (via_drill 0.4)
    (uvia_dia 0.3)
    (uvia_drill 0.1)
  )

  (module Capacitors_SMD:C_0402 (layer F.Cu) (tedit 58AA841A) (tstamp 5C64FA85)
    (at 139.192 102.785 90)
    (descr "Capacitor SMD 0402, reflow soldering, AVX (see smccp.pdf)")
    (tags "capacitor 0402")
    (path /5C61D321)
    (attr smd)
    (fp_text reference C1 (at 0 -1.27 90) (layer F.SilkS)
      (effects (font (size 1 1) (thickness 0.15)))
    )
    (fp_text value 4.7uF (at 0 1.27 90) (layer F.Fab)
      (effects (font (size 1 1) (thickness 0.15)))
    )
    (fp_line (start 1 0.4) (end -1 0.4) (layer F.CrtYd) (width 0.05))
    (fp_line (start 1 0.4) (end 1 -0.4) (layer F.CrtYd) (width 0.05))
    (fp_line (start -1 -0.4) (end -1 0.4) (layer F.CrtYd) (width 0.05))
    (fp_line (start -1 -0.4) (end 1 -0.4) (layer F.CrtYd) (width 0.05))
    (fp_line (start -0.25 0.47) (end 0.25 0.47) (layer F.SilkS) (width 0.12))
    (fp_line (start 0.25 -0.47) (end -0.25 -0.47) (layer F.SilkS) (width 0.12))
    (fp_line (start -0.5 -0.25) (end 0.5 -0.25) (layer F.Fab) (width 0.1))
    (fp_line (start 0.5 -0.25) (end 0.5 0.25) (layer F.Fab) (width 0.1))
    (fp_line (start 0.5 0.25) (end -0.5 0.25) (layer F.Fab) (width 0.1))
    (fp_line (start -0.5 0.25) (end -0.5 -0.25) (layer F.Fab) (width 0.1))
    (fp_text user %R (at 0 -1.27 90) (layer F.Fab)
      (effects (font (size 1 1) (thickness 0.15)))
    )
    (pad 2 smd rect (at 0.55 0 90) (size 0.6 0.5) (layers F.Cu F.Paste F.Mask)
      (net 1 GND))
    (pad 1 smd rect (at -0.55 0 90) (size 0.6 0.5) (layers F.Cu F.Paste F.Mask)
      (net 2 V_IN))
    (model Capacitors_SMD.3dshapes/C_0402.wrl
      (at (xyz 0 0 0))
      (scale (xyz 1 1 1))
      (rotate (xyz 0 0 0))
    )
  )

  (module Capacitors_SMD:C_1206_HandSoldering (layer F.Cu) (tedit 58AA84D1) (tstamp 5C64FA55)
    (at 157.734 116.459 270)
    (descr "Capacitor SMD 1206, hand soldering")
    (tags "capacitor 1206")
    (path /5C61D6C4)
    (attr smd)
    (fp_text reference C2 (at 0 -1.75 270) (layer F.SilkS)
      (effects (font (size 1 1) (thickness 0.15)))
    )
    (fp_text value 22uF (at 0 2 270) (layer F.Fab)
      (effects (font (size 1 1) (thickness 0.15)))
    )
    (fp_text user %R (at 0 -1.75 270) (layer F.Fab)
      (effects (font (size 1 1) (thickness 0.15)))
    )
    (fp_line (start -1.6 0.8) (end -1.6 -0.8) (layer F.Fab) (width 0.1))
    (fp_line (start 1.6 0.8) (end -1.6 0.8) (layer F.Fab) (width 0.1))
    (fp_line (start 1.6 -0.8) (end 1.6 0.8) (layer F.Fab) (width 0.1))
    (fp_line (start -1.6 -0.8) (end 1.6 -0.8) (layer F.Fab) (width 0.1))
    (fp_line (start 1 -1.02) (end -1 -1.02) (layer F.SilkS) (width 0.12))
    (fp_line (start -1 1.02) (end 1 1.02) (layer F.SilkS) (width 0.12))
    (fp_line (start -3.25 -1.05) (end 3.25 -1.05) (layer F.CrtYd) (width 0.05))
    (fp_line (start -3.25 -1.05) (end -3.25 1.05) (layer F.CrtYd) (width 0.05))
    (fp_line (start 3.25 1.05) (end 3.25 -1.05) (layer F.CrtYd) (width 0.05))
    (fp_line (start 3.25 1.05) (end -3.25 1.05) (layer F.CrtYd) (width 0.05))
    (pad 1 smd rect (at -2 0 270) (size 2 1.6) (layers F.Cu F.Paste F.Mask)
      (net 3 V_OUT))
    (pad 2 smd rect (at 2 0 270) (size 2 1.6) (layers F.Cu F.Paste F.Mask)
      (net 1 GND))
    (model Capacitors_SMD.3dshapes/C_1206.wrl
      (at (xyz 0 0 0))
      (scale (xyz 1 1 1))
      (rotate (xyz 0 0 0))
    )
  )

  (module Capacitors_SMD:C_1206_HandSoldering (layer F.Cu) (tedit 58AA84D1) (tstamp 5C650966)
    (at 134.146592 116.711734 270)
    (descr "Capacitor SMD 1206, hand soldering")
    (tags "capacitor 1206")
    (path /5C64EADF)
    (attr smd)
    (fp_text reference C3 (at 0 -1.75 270) (layer F.SilkS)
      (effects (font (size 1 1) (thickness 0.15)))
    )
    (fp_text value 10uF (at 0 2 270) (layer F.Fab)
      (effects (font (size 1 1) (thickness 0.15)))
    )
    (fp_text user %R (at 0 -1.75 270) (layer F.Fab)
      (effects (font (size 1 1) (thickness 0.15)))
    )
    (fp_line (start -1.6 0.8) (end -1.6 -0.8) (layer F.Fab) (width 0.1))
    (fp_line (start 1.6 0.8) (end -1.6 0.8) (layer F.Fab) (width 0.1))
    (fp_line (start 1.6 -0.8) (end 1.6 0.8) (layer F.Fab) (width 0.1))
    (fp_line (start -1.6 -0.8) (end 1.6 -0.8) (layer F.Fab) (width 0.1))
    (fp_line (start 1 -1.02) (end -1 -1.02) (layer F.SilkS) (width 0.12))
    (fp_line (start -1 1.02) (end 1 1.02) (layer F.SilkS) (width 0.12))
    (fp_line (start -3.25 -1.05) (end 3.25 -1.05) (layer F.CrtYd) (width 0.05))
    (fp_line (start -3.25 -1.05) (end -3.25 1.05) (layer F.CrtYd) (width 0.05))
    (fp_line (start 3.25 1.05) (end 3.25 -1.05) (layer F.CrtYd) (width 0.05))
    (fp_line (start 3.25 1.05) (end -3.25 1.05) (layer F.CrtYd) (width 0.05))
    (pad 1 smd rect (at -2 0 270) (size 2 1.6) (layers F.Cu F.Paste F.Mask)
      (net 2 V_IN))
    (pad 2 smd rect (at 2 0 270) (size 2 1.6) (layers F.Cu F.Paste F.Mask)
      (net 1 GND))
    (model Capacitors_SMD.3dshapes/C_1206.wrl
      (at (xyz 0 0 0))
      (scale (xyz 1 1 1))
      (rotate (xyz 0 0 0))
    )
  )

  (module Capacitors_SMD:C_1206_HandSoldering (layer F.Cu) (tedit 58AA84D1) (tstamp 5C650A26)
    (at 131.860592 116.711734 270)
    (descr "Capacitor SMD 1206, hand soldering")
    (tags "capacitor 1206")
    (path /5C64EF47)
    (attr smd)
    (fp_text reference C4 (at 0 -1.75 270) (layer F.SilkS)
      (effects (font (size 1 1) (thickness 0.15)))
    )
    (fp_text value 10uF (at 0 2 270) (layer F.Fab)
      (effects (font (size 1 1) (thickness 0.15)))
    )
    (fp_line (start 3.25 1.05) (end -3.25 1.05) (layer F.CrtYd) (width 0.05))
    (fp_line (start 3.25 1.05) (end 3.25 -1.05) (layer F.CrtYd) (width 0.05))
    (fp_line (start -3.25 -1.05) (end -3.25 1.05) (layer F.CrtYd) (width 0.05))
    (fp_line (start -3.25 -1.05) (end 3.25 -1.05) (layer F.CrtYd) (width 0.05))
    (fp_line (start -1 1.02) (end 1 1.02) (layer F.SilkS) (width 0.12))
    (fp_line (start 1 -1.02) (end -1 -1.02) (layer F.SilkS) (width 0.12))
    (fp_line (start -1.6 -0.8) (end 1.6 -0.8) (layer F.Fab) (width 0.1))
    (fp_line (start 1.6 -0.8) (end 1.6 0.8) (layer F.Fab) (width 0.1))
    (fp_line (start 1.6 0.8) (end -1.6 0.8) (layer F.Fab) (width 0.1))
    (fp_line (start -1.6 0.8) (end -1.6 -0.8) (layer F.Fab) (width 0.1))
    (fp_text user %R (at 0 -1.75 270) (layer F.Fab)
      (effects (font (size 1 1) (thickness 0.15)))
    )
    (pad 2 smd rect (at 2 0 270) (size 2 1.6) (layers F.Cu F.Paste F.Mask)
      (net 1 GND))
    (pad 1 smd rect (at -2 0 270) (size 2 1.6) (layers F.Cu F.Paste F.Mask)
      (net 2 V_IN))
    (model Capacitors_SMD.3dshapes/C_1206.wrl
      (at (xyz 0 0 0))
      (scale (xyz 1 1 1))
      (rotate (xyz 0 0 0))
    )
  )

  (module Capacitors_SMD:C_1206_HandSoldering (layer F.Cu) (tedit 58AA84D1) (tstamp 5C650AB6)
    (at 129.574592 116.743734 270)
    (descr "Capacitor SMD 1206, hand soldering")
    (tags "capacitor 1206")
    (path /5C64E9D5)
    (attr smd)
    (fp_text reference C5 (at 0 -1.75 270) (layer F.SilkS)
      (effects (font (size 1 1) (thickness 0.15)))
    )
    (fp_text value 10uF (at 0 2 270) (layer F.Fab)
      (effects (font (size 1 1) (thickness 0.15)))
    )
    (fp_line (start 3.25 1.05) (end -3.25 1.05) (layer F.CrtYd) (width 0.05))
    (fp_line (start 3.25 1.05) (end 3.25 -1.05) (layer F.CrtYd) (width 0.05))
    (fp_line (start -3.25 -1.05) (end -3.25 1.05) (layer F.CrtYd) (width 0.05))
    (fp_line (start -3.25 -1.05) (end 3.25 -1.05) (layer F.CrtYd) (width 0.05))
    (fp_line (start -1 1.02) (end 1 1.02) (layer F.SilkS) (width 0.12))
    (fp_line (start 1 -1.02) (end -1 -1.02) (layer F.SilkS) (width 0.12))
    (fp_line (start -1.6 -0.8) (end 1.6 -0.8) (layer F.Fab) (width 0.1))
    (fp_line (start 1.6 -0.8) (end 1.6 0.8) (layer F.Fab) (width 0.1))
    (fp_line (start 1.6 0.8) (end -1.6 0.8) (layer F.Fab) (width 0.1))
    (fp_line (start -1.6 0.8) (end -1.6 -0.8) (layer F.Fab) (width 0.1))
    (fp_text user %R (at 0 -1.75 270) (layer F.Fab)
      (effects (font (size 1 1) (thickness 0.15)))
    )
    (pad 2 smd rect (at 2 0 270) (size 2 1.6) (layers F.Cu F.Paste F.Mask)
      (net 1 GND))
    (pad 1 smd rect (at -2 0 270) (size 2 1.6) (layers F.Cu F.Paste F.Mask)
      (net 2 V_IN))
    (model Capacitors_SMD.3dshapes/C_1206.wrl
      (at (xyz 0 0 0))
      (scale (xyz 1 1 1))
      (rotate (xyz 0 0 0))
    )
  )

  (module Capacitors_SMD:C_1206_HandSoldering (layer F.Cu) (tedit 58AA84D1) (tstamp 5C650A56)
    (at 127.288592 116.711734 270)
    (descr "Capacitor SMD 1206, hand soldering")
    (tags "capacitor 1206")
    (path /5C64EF40)
    (attr smd)
    (fp_text reference C6 (at 0 -1.75 270) (layer F.SilkS)
      (effects (font (size 1 1) (thickness 0.15)))
    )
    (fp_text value 10uF (at 0 2 270) (layer F.Fab)
      (effects (font (size 1 1) (thickness 0.15)))
    )
    (fp_line (start 3.25 1.05) (end -3.25 1.05) (layer F.CrtYd) (width 0.05))
    (fp_line (start 3.25 1.05) (end 3.25 -1.05) (layer F.CrtYd) (width 0.05))
    (fp_line (start -3.25 -1.05) (end -3.25 1.05) (layer F.CrtYd) (width 0.05))
    (fp_line (start -3.25 -1.05) (end 3.25 -1.05) (layer F.CrtYd) (width 0.05))
    (fp_line (start -1 1.02) (end 1 1.02) (layer F.SilkS) (width 0.12))
    (fp_line (start 1 -1.02) (end -1 -1.02) (layer F.SilkS) (width 0.12))
    (fp_line (start -1.6 -0.8) (end 1.6 -0.8) (layer F.Fab) (width 0.1))
    (fp_line (start 1.6 -0.8) (end 1.6 0.8) (layer F.Fab) (width 0.1))
    (fp_line (start 1.6 0.8) (end -1.6 0.8) (layer F.Fab) (width 0.1))
    (fp_line (start -1.6 0.8) (end -1.6 -0.8) (layer F.Fab) (width 0.1))
    (fp_text user %R (at 0 -1.75 270) (layer F.Fab)
      (effects (font (size 1 1) (thickness 0.15)))
    )
    (pad 2 smd rect (at 2 0 270) (size 2 1.6) (layers F.Cu F.Paste F.Mask)
      (net 1 GND))
    (pad 1 smd rect (at -2 0 270) (size 2 1.6) (layers F.Cu F.Paste F.Mask)
      (net 2 V_IN))
    (model Capacitors_SMD.3dshapes/C_1206.wrl
      (at (xyz 0 0 0))
      (scale (xyz 1 1 1))
      (rotate (xyz 0 0 0))
    )
  )

  (module Capacitors_SMD:C_1206_HandSoldering (layer F.Cu) (tedit 58AA84D1) (tstamp 5C6509F6)
    (at 127.288592 110.044734 90)
    (descr "Capacitor SMD 1206, hand soldering")
    (tags "capacitor 1206")
    (path /5C64ED2B)
    (attr smd)
    (fp_text reference C7 (at 0 -1.75 90) (layer F.SilkS)
      (effects (font (size 1 1) (thickness 0.15)))
    )
    (fp_text value 10uF (at 0 2 90) (layer F.Fab)
      (effects (font (size 1 1) (thickness 0.15)))
    )
    (fp_text user %R (at 0 -1.75 90) (layer F.Fab)
      (effects (font (size 1 1) (thickness 0.15)))
    )
    (fp_line (start -1.6 0.8) (end -1.6 -0.8) (layer F.Fab) (width 0.1))
    (fp_line (start 1.6 0.8) (end -1.6 0.8) (layer F.Fab) (width 0.1))
    (fp_line (start 1.6 -0.8) (end 1.6 0.8) (layer F.Fab) (width 0.1))
    (fp_line (start -1.6 -0.8) (end 1.6 -0.8) (layer F.Fab) (width 0.1))
    (fp_line (start 1 -1.02) (end -1 -1.02) (layer F.SilkS) (width 0.12))
    (fp_line (start -1 1.02) (end 1 1.02) (layer F.SilkS) (width 0.12))
    (fp_line (start -3.25 -1.05) (end 3.25 -1.05) (layer F.CrtYd) (width 0.05))
    (fp_line (start -3.25 -1.05) (end -3.25 1.05) (layer F.CrtYd) (width 0.05))
    (fp_line (start 3.25 1.05) (end 3.25 -1.05) (layer F.CrtYd) (width 0.05))
    (fp_line (start 3.25 1.05) (end -3.25 1.05) (layer F.CrtYd) (width 0.05))
    (pad 1 smd rect (at -2 0 90) (size 2 1.6) (layers F.Cu F.Paste F.Mask)
      (net 2 V_IN))
    (pad 2 smd rect (at 2 0 90) (size 2 1.6) (layers F.Cu F.Paste F.Mask)
      (net 1 GND))
    (model Capacitors_SMD.3dshapes/C_1206.wrl
      (at (xyz 0 0 0))
      (scale (xyz 1 1 1))
      (rotate (xyz 0 0 0))
    )
  )

  (module Capacitors_SMD:C_1206_HandSoldering (layer F.Cu) (tedit 58AA84D1) (tstamp 5C650996)
    (at 129.574592 110.044734 90)
    (descr "Capacitor SMD 1206, hand soldering")
    (tags "capacitor 1206")
    (path /5C64F016)
    (attr smd)
    (fp_text reference C8 (at 0 -1.75 90) (layer F.SilkS)
      (effects (font (size 1 1) (thickness 0.15)))
    )
    (fp_text value 10uF (at 0 2 90) (layer F.Fab)
      (effects (font (size 1 1) (thickness 0.15)))
    )
    (fp_line (start 3.25 1.05) (end -3.25 1.05) (layer F.CrtYd) (width 0.05))
    (fp_line (start 3.25 1.05) (end 3.25 -1.05) (layer F.CrtYd) (width 0.05))
    (fp_line (start -3.25 -1.05) (end -3.25 1.05) (layer F.CrtYd) (width 0.05))
    (fp_line (start -3.25 -1.05) (end 3.25 -1.05) (layer F.CrtYd) (width 0.05))
    (fp_line (start -1 1.02) (end 1 1.02) (layer F.SilkS) (width 0.12))
    (fp_line (start 1 -1.02) (end -1 -1.02) (layer F.SilkS) (width 0.12))
    (fp_line (start -1.6 -0.8) (end 1.6 -0.8) (layer F.Fab) (width 0.1))
    (fp_line (start 1.6 -0.8) (end 1.6 0.8) (layer F.Fab) (width 0.1))
    (fp_line (start 1.6 0.8) (end -1.6 0.8) (layer F.Fab) (width 0.1))
    (fp_line (start -1.6 0.8) (end -1.6 -0.8) (layer F.Fab) (width 0.1))
    (fp_text user %R (at 0 -1.75 90) (layer F.Fab)
      (effects (font (size 1 1) (thickness 0.15)))
    )
    (pad 2 smd rect (at 2 0 90) (size 2 1.6) (layers F.Cu F.Paste F.Mask)
      (net 1 GND))
    (pad 1 smd rect (at -2 0 90) (size 2 1.6) (layers F.Cu F.Paste F.Mask)
      (net 2 V_IN))
    (model Capacitors_SMD.3dshapes/C_1206.wrl
      (at (xyz 0 0 0))
      (scale (xyz 1 1 1))
      (rotate (xyz 0 0 0))
    )
  )

  (module Capacitors_SMD:C_1206_HandSoldering (layer F.Cu) (tedit 58AA84D1) (tstamp 5C650A86)
    (at 131.860592 110.012734 90)
    (descr "Capacitor SMD 1206, hand soldering")
    (tags "capacitor 1206")
    (path /5C64ED25)
    (attr smd)
    (fp_text reference C9 (at 0 -1.75 90) (layer F.SilkS)
      (effects (font (size 1 1) (thickness 0.15)))
    )
    (fp_text value 10uF (at 0 2 90) (layer F.Fab)
      (effects (font (size 1 1) (thickness 0.15)))
    )
    (fp_line (start 3.25 1.05) (end -3.25 1.05) (layer F.CrtYd) (width 0.05))
    (fp_line (start 3.25 1.05) (end 3.25 -1.05) (layer F.CrtYd) (width 0.05))
    (fp_line (start -3.25 -1.05) (end -3.25 1.05) (layer F.CrtYd) (width 0.05))
    (fp_line (start -3.25 -1.05) (end 3.25 -1.05) (layer F.CrtYd) (width 0.05))
    (fp_line (start -1 1.02) (end 1 1.02) (layer F.SilkS) (width 0.12))
    (fp_line (start 1 -1.02) (end -1 -1.02) (layer F.SilkS) (width 0.12))
    (fp_line (start -1.6 -0.8) (end 1.6 -0.8) (layer F.Fab) (width 0.1))
    (fp_line (start 1.6 -0.8) (end 1.6 0.8) (layer F.Fab) (width 0.1))
    (fp_line (start 1.6 0.8) (end -1.6 0.8) (layer F.Fab) (width 0.1))
    (fp_line (start -1.6 0.8) (end -1.6 -0.8) (layer F.Fab) (width 0.1))
    (fp_text user %R (at 0 -1.75 90) (layer F.Fab)
      (effects (font (size 1 1) (thickness 0.15)))
    )
    (pad 2 smd rect (at 2 0 90) (size 2 1.6) (layers F.Cu F.Paste F.Mask)
      (net 1 GND))
    (pad 1 smd rect (at -2 0 90) (size 2 1.6) (layers F.Cu F.Paste F.Mask)
      (net 2 V_IN))
    (model Capacitors_SMD.3dshapes/C_1206.wrl
      (at (xyz 0 0 0))
      (scale (xyz 1 1 1))
      (rotate (xyz 0 0 0))
    )
  )

  (module Capacitors_SMD:C_1206_HandSoldering (layer F.Cu) (tedit 58AA84D1) (tstamp 5C6509C6)
    (at 134.146592 110.012734 90)
    (descr "Capacitor SMD 1206, hand soldering")
    (tags "capacitor 1206")
    (path /5C64F010)
    (attr smd)
    (fp_text reference C10 (at 0 -1.75 90) (layer F.SilkS)
      (effects (font (size 1 1) (thickness 0.15)))
    )
    (fp_text value 10uF (at 0 2 90) (layer F.Fab)
      (effects (font (size 1 1) (thickness 0.15)))
    )
    (fp_text user %R (at 0 -1.75 90) (layer F.Fab)
      (effects (font (size 1 1) (thickness 0.15)))
    )
    (fp_line (start -1.6 0.8) (end -1.6 -0.8) (layer F.Fab) (width 0.1))
    (fp_line (start 1.6 0.8) (end -1.6 0.8) (layer F.Fab) (width 0.1))
    (fp_line (start 1.6 -0.8) (end 1.6 0.8) (layer F.Fab) (width 0.1))
    (fp_line (start -1.6 -0.8) (end 1.6 -0.8) (layer F.Fab) (width 0.1))
    (fp_line (start 1 -1.02) (end -1 -1.02) (layer F.SilkS) (width 0.12))
    (fp_line (start -1 1.02) (end 1 1.02) (layer F.SilkS) (width 0.12))
    (fp_line (start -3.25 -1.05) (end 3.25 -1.05) (layer F.CrtYd) (width 0.05))
    (fp_line (start -3.25 -1.05) (end -3.25 1.05) (layer F.CrtYd) (width 0.05))
    (fp_line (start 3.25 1.05) (end 3.25 -1.05) (layer F.CrtYd) (width 0.05))
    (fp_line (start 3.25 1.05) (end -3.25 1.05) (layer F.CrtYd) (width 0.05))
    (pad 1 smd rect (at -2 0 90) (size 2 1.6) (layers F.Cu F.Paste F.Mask)
      (net 2 V_IN))
    (pad 2 smd rect (at 2 0 90) (size 2 1.6) (layers F.Cu F.Paste F.Mask)
      (net 1 GND))
    (model Capacitors_SMD.3dshapes/C_1206.wrl
      (at (xyz 0 0 0))
      (scale (xyz 1 1 1))
      (rotate (xyz 0 0 0))
    )
  )

  (module Capacitors_SMD:C_1206_HandSoldering (layer F.Cu) (tedit 58AA84D1) (tstamp 5C64FC8A)
    (at 155.321 116.459 270)
    (descr "Capacitor SMD 1206, hand soldering")
    (tags "capacitor 1206")
    (path /5C65266C)
    (attr smd)
    (fp_text reference C11 (at 0 -1.75 270) (layer F.SilkS)
      (effects (font (size 1 1) (thickness 0.15)))
    )
    (fp_text value 22uF (at 0 2 270) (layer F.Fab)
      (effects (font (size 1 1) (thickness 0.15)))
    )
    (fp_text user %R (at 0 -1.75 270) (layer F.Fab)
      (effects (font (size 1 1) (thickness 0.15)))
    )
    (fp_line (start -1.6 0.8) (end -1.6 -0.8) (layer F.Fab) (width 0.1))
    (fp_line (start 1.6 0.8) (end -1.6 0.8) (layer F.Fab) (width 0.1))
    (fp_line (start 1.6 -0.8) (end 1.6 0.8) (layer F.Fab) (width 0.1))
    (fp_line (start -1.6 -0.8) (end 1.6 -0.8) (layer F.Fab) (width 0.1))
    (fp_line (start 1 -1.02) (end -1 -1.02) (layer F.SilkS) (width 0.12))
    (fp_line (start -1 1.02) (end 1 1.02) (layer F.SilkS) (width 0.12))
    (fp_line (start -3.25 -1.05) (end 3.25 -1.05) (layer F.CrtYd) (width 0.05))
    (fp_line (start -3.25 -1.05) (end -3.25 1.05) (layer F.CrtYd) (width 0.05))
    (fp_line (start 3.25 1.05) (end 3.25 -1.05) (layer F.CrtYd) (width 0.05))
    (fp_line (start 3.25 1.05) (end -3.25 1.05) (layer F.CrtYd) (width 0.05))
    (pad 1 smd rect (at -2 0 270) (size 2 1.6) (layers F.Cu F.Paste F.Mask)
      (net 3 V_OUT))
    (pad 2 smd rect (at 2 0 270) (size 2 1.6) (layers F.Cu F.Paste F.Mask)
      (net 1 GND))
    (model Capacitors_SMD.3dshapes/C_1206.wrl
      (at (xyz 0 0 0))
      (scale (xyz 1 1 1))
      (rotate (xyz 0 0 0))
    )
  )

  (module Diodes_SMD:D_SOD-123F (layer F.Cu) (tedit 587F7769) (tstamp 5C64F79C)
    (at 138.049 118.491 180)
    (descr D_SOD-123F)
    (tags D_SOD-123F)
    (path /5C61D52C)
    (attr smd)
    (fp_text reference D1 (at -0.127 -1.905 180) (layer F.SilkS)
      (effects (font (size 1 1) (thickness 0.15)))
    )
    (fp_text value D (at 0 2.1 180) (layer F.Fab)
      (effects (font (size 1 1) (thickness 0.15)))
    )
    (fp_line (start -2.2 -1) (end 1.65 -1) (layer F.SilkS) (width 0.12))
    (fp_line (start -2.2 1) (end 1.65 1) (layer F.SilkS) (width 0.12))
    (fp_line (start -2.2 -1.15) (end -2.2 1.15) (layer F.CrtYd) (width 0.05))
    (fp_line (start 2.2 1.15) (end -2.2 1.15) (layer F.CrtYd) (width 0.05))
    (fp_line (start 2.2 -1.15) (end 2.2 1.15) (layer F.CrtYd) (width 0.05))
    (fp_line (start -2.2 -1.15) (end 2.2 -1.15) (layer F.CrtYd) (width 0.05))
    (fp_line (start -1.4 -0.9) (end 1.4 -0.9) (layer F.Fab) (width 0.1))
    (fp_line (start 1.4 -0.9) (end 1.4 0.9) (layer F.Fab) (width 0.1))
    (fp_line (start 1.4 0.9) (end -1.4 0.9) (layer F.Fab) (width 0.1))
    (fp_line (start -1.4 0.9) (end -1.4 -0.9) (layer F.Fab) (width 0.1))
    (fp_line (start -0.75 0) (end -0.35 0) (layer F.Fab) (width 0.1))
    (fp_line (start -0.35 0) (end -0.35 -0.55) (layer F.Fab) (width 0.1))
    (fp_line (start -0.35 0) (end -0.35 0.55) (layer F.Fab) (width 0.1))
    (fp_line (start -0.35 0) (end 0.25 -0.4) (layer F.Fab) (width 0.1))
    (fp_line (start 0.25 -0.4) (end 0.25 0.4) (layer F.Fab) (width 0.1))
    (fp_line (start 0.25 0.4) (end -0.35 0) (layer F.Fab) (width 0.1))
    (fp_line (start 0.25 0) (end 0.75 0) (layer F.Fab) (width 0.1))
    (fp_line (start -2.2 -1) (end -2.2 1) (layer F.SilkS) (width 0.12))
    (fp_text user %R (at -0.127 -1.905 180) (layer F.Fab)
      (effects (font (size 1 1) (thickness 0.15)))
    )
    (pad 2 smd rect (at 1.4 0 180) (size 1.1 1.1) (layers F.Cu F.Paste F.Mask)
      (net 1 GND))
    (pad 1 smd rect (at -1.4 0 180) (size 1.1 1.1) (layers F.Cu F.Paste F.Mask)
      (net 4 "Net-(D1-Pad1)"))
    (model ${KISYS3DMOD}/Diodes_SMD.3dshapes/D_SOD-123F.wrl
      (at (xyz 0 0 0))
      (scale (xyz 1 1 1))
      (rotate (xyz 0 0 0))
    )
  )

  (module LEDs:LED_1206 (layer F.Cu) (tedit 57FE943C) (tstamp 5C64F8E2)
    (at 155.575 109.093 270)
    (descr "LED 1206 smd package")
    (tags "LED led 1206 SMD smd SMT smt smdled SMDLED smtled SMTLED")
    (path /5C650568)
    (attr smd)
    (fp_text reference D2 (at 0 -1.6 270) (layer F.SilkS)
      (effects (font (size 1 1) (thickness 0.15)))
    )
    (fp_text value LED (at 0 1.7 270) (layer F.Fab)
      (effects (font (size 1 1) (thickness 0.15)))
    )
    (fp_line (start -2.5 -0.85) (end -2.5 0.85) (layer F.SilkS) (width 0.12))
    (fp_line (start -0.45 -0.4) (end -0.45 0.4) (layer F.Fab) (width 0.1))
    (fp_line (start -0.4 0) (end 0.2 -0.4) (layer F.Fab) (width 0.1))
    (fp_line (start 0.2 0.4) (end -0.4 0) (layer F.Fab) (width 0.1))
    (fp_line (start 0.2 -0.4) (end 0.2 0.4) (layer F.Fab) (width 0.1))
    (fp_line (start 1.6 0.8) (end -1.6 0.8) (layer F.Fab) (width 0.1))
    (fp_line (start 1.6 -0.8) (end 1.6 0.8) (layer F.Fab) (width 0.1))
    (fp_line (start -1.6 -0.8) (end 1.6 -0.8) (layer F.Fab) (width 0.1))
    (fp_line (start -1.6 0.8) (end -1.6 -0.8) (layer F.Fab) (width 0.1))
    (fp_line (start -2.45 0.85) (end 1.6 0.85) (layer F.SilkS) (width 0.12))
    (fp_line (start -2.45 -0.85) (end 1.6 -0.85) (layer F.SilkS) (width 0.12))
    (fp_line (start 2.65 -1) (end 2.65 1) (layer F.CrtYd) (width 0.05))
    (fp_line (start 2.65 1) (end -2.65 1) (layer F.CrtYd) (width 0.05))
    (fp_line (start -2.65 1) (end -2.65 -1) (layer F.CrtYd) (width 0.05))
    (fp_line (start -2.65 -1) (end 2.65 -1) (layer F.CrtYd) (width 0.05))
    (pad 2 smd rect (at 1.65 0 90) (size 1.5 1.5) (layers F.Cu F.Paste F.Mask)
      (net 5 "Net-(D2-Pad2)"))
    (pad 1 smd rect (at -1.65 0 90) (size 1.5 1.5) (layers F.Cu F.Paste F.Mask)
      (net 6 PWM))
    (model ${KISYS3DMOD}/LEDs.3dshapes/LED_1206.wrl
      (at (xyz 0 0 0))
      (scale (xyz 1 1 1))
      (rotate (xyz 0 0 180))
    )
  )

  (module LEDs:LED_1206 (layer F.Cu) (tedit 57FE943C) (tstamp 5C650083)
    (at 134.493 105.156 180)
    (descr "LED 1206 smd package")
    (tags "LED led 1206 SMD smd SMT smt smdled SMDLED smtled SMTLED")
    (path /5C651921)
    (attr smd)
    (fp_text reference D3 (at 0 -1.6 180) (layer F.SilkS)
      (effects (font (size 1 1) (thickness 0.15)))
    )
    (fp_text value LED (at 0 1.7 180) (layer F.Fab)
      (effects (font (size 1 1) (thickness 0.15)))
    )
    (fp_line (start -2.65 -1) (end 2.65 -1) (layer F.CrtYd) (width 0.05))
    (fp_line (start -2.65 1) (end -2.65 -1) (layer F.CrtYd) (width 0.05))
    (fp_line (start 2.65 1) (end -2.65 1) (layer F.CrtYd) (width 0.05))
    (fp_line (start 2.65 -1) (end 2.65 1) (layer F.CrtYd) (width 0.05))
    (fp_line (start -2.45 -0.85) (end 1.6 -0.85) (layer F.SilkS) (width 0.12))
    (fp_line (start -2.45 0.85) (end 1.6 0.85) (layer F.SilkS) (width 0.12))
    (fp_line (start -1.6 0.8) (end -1.6 -0.8) (layer F.Fab) (width 0.1))
    (fp_line (start -1.6 -0.8) (end 1.6 -0.8) (layer F.Fab) (width 0.1))
    (fp_line (start 1.6 -0.8) (end 1.6 0.8) (layer F.Fab) (width 0.1))
    (fp_line (start 1.6 0.8) (end -1.6 0.8) (layer F.Fab) (width 0.1))
    (fp_line (start 0.2 -0.4) (end 0.2 0.4) (layer F.Fab) (width 0.1))
    (fp_line (start 0.2 0.4) (end -0.4 0) (layer F.Fab) (width 0.1))
    (fp_line (start -0.4 0) (end 0.2 -0.4) (layer F.Fab) (width 0.1))
    (fp_line (start -0.45 -0.4) (end -0.45 0.4) (layer F.Fab) (width 0.1))
    (fp_line (start -2.5 -0.85) (end -2.5 0.85) (layer F.SilkS) (width 0.12))
    (pad 1 smd rect (at -1.65 0) (size 1.5 1.5) (layers F.Cu F.Paste F.Mask)
      (net 7 GP))
    (pad 2 smd rect (at 1.65 0) (size 1.5 1.5) (layers F.Cu F.Paste F.Mask)
      (net 8 "Net-(D3-Pad2)"))
    (model ${KISYS3DMOD}/LEDs.3dshapes/LED_1206.wrl
      (at (xyz 0 0 0))
      (scale (xyz 1 1 1))
      (rotate (xyz 0 0 180))
    )
  )

  (module custom:WE (layer F.Cu) (tedit 5C64E451) (tstamp 5C650BA1)
    (at 146.939 113.665)
    (path /5C61D5DF)
    (fp_text reference L1 (at 0 0.5) (layer F.SilkS)
      (effects (font (size 1 1) (thickness 0.15)))
    )
    (fp_text value 10uH (at 0 -0.762) (layer F.Fab)
      (effects (font (size 1 1) (thickness 0.15)))
    )
    (fp_line (start -5.99948 -5.99948) (end 5.99948 -5.99948) (layer F.SilkS) (width 0.127))
    (fp_line (start 5.99948 5.99948) (end -5.99948 5.99948) (layer F.SilkS) (width 0.127))
    (fp_line (start -5.99948 5.99948) (end -5.99948 3.06832) (layer F.SilkS) (width 0.127))
    (fp_line (start -5.99948 -3.06832) (end -5.99948 -5.99948) (layer F.SilkS) (width 0.127))
    (fp_line (start 5.99948 5.99948) (end 5.99948 2.94894) (layer F.SilkS) (width 0.127))
    (fp_line (start 5.99948 -2.94894) (end 5.99948 -5.99948) (layer F.SilkS) (width 0.127))
    (fp_line (start -5.99948 3.19786) (end -5.99948 -3.19786) (layer Dwgs.User) (width 0.127))
    (fp_line (start 5.99948 2.94894) (end 5.99948 -2.94894) (layer Dwgs.User) (width 0.127))
    (pad 1 smd rect (at -4.89966 0 90) (size 5.3975 2.99974) (layers F.Cu F.Paste F.Mask)
      (net 4 "Net-(D1-Pad1)"))
    (pad 2 smd rect (at 4.89966 0 90) (size 5.3975 2.99974) (layers F.Cu F.Paste F.Mask)
      (net 3 V_OUT))
  )

  (module TO_SOT_Packages_SMD:SOT-23 (layer F.Cu) (tedit 58CE4E7E) (tstamp 5C65030B)
    (at 137.795 114.935)
    (descr "SOT-23, Standard")
    (tags SOT-23)
    (path /5C61D3C9)
    (attr smd)
    (fp_text reference Q1 (at 0 -2.5) (layer F.SilkS)
      (effects (font (size 1 1) (thickness 0.15)))
    )
    (fp_text value Q_PMOS_GSD (at 0 2.5) (layer F.Fab)
      (effects (font (size 1 1) (thickness 0.15)))
    )
    (fp_line (start 0.76 1.58) (end -0.7 1.58) (layer F.SilkS) (width 0.12))
    (fp_line (start 0.76 -1.58) (end -1.4 -1.58) (layer F.SilkS) (width 0.12))
    (fp_line (start -1.7 1.75) (end -1.7 -1.75) (layer F.CrtYd) (width 0.05))
    (fp_line (start 1.7 1.75) (end -1.7 1.75) (layer F.CrtYd) (width 0.05))
    (fp_line (start 1.7 -1.75) (end 1.7 1.75) (layer F.CrtYd) (width 0.05))
    (fp_line (start -1.7 -1.75) (end 1.7 -1.75) (layer F.CrtYd) (width 0.05))
    (fp_line (start 0.76 -1.58) (end 0.76 -0.65) (layer F.SilkS) (width 0.12))
    (fp_line (start 0.76 1.58) (end 0.76 0.65) (layer F.SilkS) (width 0.12))
    (fp_line (start -0.7 1.52) (end 0.7 1.52) (layer F.Fab) (width 0.1))
    (fp_line (start 0.7 -1.52) (end 0.7 1.52) (layer F.Fab) (width 0.1))
    (fp_line (start -0.7 -0.95) (end -0.15 -1.52) (layer F.Fab) (width 0.1))
    (fp_line (start -0.15 -1.52) (end 0.7 -1.52) (layer F.Fab) (width 0.1))
    (fp_line (start -0.7 -0.95) (end -0.7 1.5) (layer F.Fab) (width 0.1))
    (fp_text user %R (at 0 0 90) (layer F.Fab)
      (effects (font (size 0.5 0.5) (thickness 0.075)))
    )
    (pad 3 smd rect (at 1 0) (size 0.9 0.8) (layers F.Cu F.Paste F.Mask)
      (net 4 "Net-(D1-Pad1)"))
    (pad 2 smd rect (at -1 0.95) (size 0.9 0.8) (layers F.Cu F.Paste F.Mask)
      (net 2 V_IN))
    (pad 1 smd rect (at -1 -0.95) (size 0.9 0.8) (layers F.Cu F.Paste F.Mask)
      (net 6 PWM))
    (model ${KISYS3DMOD}/TO_SOT_Packages_SMD.3dshapes/SOT-23.wrl
      (at (xyz 0 0 0))
      (scale (xyz 1 1 1))
      (rotate (xyz 0 0 0))
    )
  )

  (module Resistors_SMD:R_0805 (layer F.Cu) (tedit 58E0A804) (tstamp 5C6511E6)
    (at 157.861 109.601 270)
    (descr "Resistor SMD 0805, reflow soldering, Vishay (see dcrcw.pdf)")
    (tags "resistor 0805")
    (path /5C650497)
    (attr smd)
    (fp_text reference R1 (at 0 -1.65 270) (layer F.SilkS)
      (effects (font (size 1 1) (thickness 0.15)))
    )
    (fp_text value 470 (at 0 1.75 270) (layer F.Fab)
      (effects (font (size 1 1) (thickness 0.15)))
    )
    (fp_text user %R (at 0 0 270) (layer F.Fab)
      (effects (font (size 0.5 0.5) (thickness 0.075)))
    )
    (fp_line (start -1 0.62) (end -1 -0.62) (layer F.Fab) (width 0.1))
    (fp_line (start 1 0.62) (end -1 0.62) (layer F.Fab) (width 0.1))
    (fp_line (start 1 -0.62) (end 1 0.62) (layer F.Fab) (width 0.1))
    (fp_line (start -1 -0.62) (end 1 -0.62) (layer F.Fab) (width 0.1))
    (fp_line (start 0.6 0.88) (end -0.6 0.88) (layer F.SilkS) (width 0.12))
    (fp_line (start -0.6 -0.88) (end 0.6 -0.88) (layer F.SilkS) (width 0.12))
    (fp_line (start -1.55 -0.9) (end 1.55 -0.9) (layer F.CrtYd) (width 0.05))
    (fp_line (start -1.55 -0.9) (end -1.55 0.9) (layer F.CrtYd) (width 0.05))
    (fp_line (start 1.55 0.9) (end 1.55 -0.9) (layer F.CrtYd) (width 0.05))
    (fp_line (start 1.55 0.9) (end -1.55 0.9) (layer F.CrtYd) (width 0.05))
    (pad 1 smd rect (at -0.95 0 270) (size 0.7 1.3) (layers F.Cu F.Paste F.Mask)
      (net 2 V_IN))
    (pad 2 smd rect (at 0.95 0 270) (size 0.7 1.3) (layers F.Cu F.Paste F.Mask)
      (net 5 "Net-(D2-Pad2)"))
    (model ${KISYS3DMOD}/Resistors_SMD.3dshapes/R_0805.wrl
      (at (xyz 0 0 0))
      (scale (xyz 1 1 1))
      (rotate (xyz 0 0 0))
    )
  )

  (module Resistors_SMD:R_0805 (layer F.Cu) (tedit 58E0A804) (tstamp 5C650D3F)
    (at 138.938 105.156)
    (descr "Resistor SMD 0805, reflow soldering, Vishay (see dcrcw.pdf)")
    (tags "resistor 0805")
    (path /5C64E89C)
    (attr smd)
    (fp_text reference R2 (at 0 -1.65) (layer F.SilkS)
      (effects (font (size 1 1) (thickness 0.15)))
    )
    (fp_text value 10k (at 0 1.75) (layer F.Fab)
      (effects (font (size 1 1) (thickness 0.15)))
    )
    (fp_line (start 1.55 0.9) (end -1.55 0.9) (layer F.CrtYd) (width 0.05))
    (fp_line (start 1.55 0.9) (end 1.55 -0.9) (layer F.CrtYd) (width 0.05))
    (fp_line (start -1.55 -0.9) (end -1.55 0.9) (layer F.CrtYd) (width 0.05))
    (fp_line (start -1.55 -0.9) (end 1.55 -0.9) (layer F.CrtYd) (width 0.05))
    (fp_line (start -0.6 -0.88) (end 0.6 -0.88) (layer F.SilkS) (width 0.12))
    (fp_line (start 0.6 0.88) (end -0.6 0.88) (layer F.SilkS) (width 0.12))
    (fp_line (start -1 -0.62) (end 1 -0.62) (layer F.Fab) (width 0.1))
    (fp_line (start 1 -0.62) (end 1 0.62) (layer F.Fab) (width 0.1))
    (fp_line (start 1 0.62) (end -1 0.62) (layer F.Fab) (width 0.1))
    (fp_line (start -1 0.62) (end -1 -0.62) (layer F.Fab) (width 0.1))
    (fp_text user %R (at 0 0) (layer F.Fab)
      (effects (font (size 0.5 0.5) (thickness 0.075)))
    )
    (pad 2 smd rect (at 0.95 0) (size 0.7 1.3) (layers F.Cu F.Paste F.Mask)
      (net 9 BTN))
    (pad 1 smd rect (at -0.95 0) (size 0.7 1.3) (layers F.Cu F.Paste F.Mask)
      (net 2 V_IN))
    (model ${KISYS3DMOD}/Resistors_SMD.3dshapes/R_0805.wrl
      (at (xyz 0 0 0))
      (scale (xyz 1 1 1))
      (rotate (xyz 0 0 0))
    )
  )

  (module Resistors_SMD:R_0805 (layer F.Cu) (tedit 58E0A804) (tstamp 5C650FAC)
    (at 136.652 103.124 180)
    (descr "Resistor SMD 0805, reflow soldering, Vishay (see dcrcw.pdf)")
    (tags "resistor 0805")
    (path /5C65191B)
    (attr smd)
    (fp_text reference R3 (at 0 -1.65 180) (layer F.SilkS)
      (effects (font (size 1 1) (thickness 0.15)))
    )
    (fp_text value 470 (at 0 1.75 180) (layer F.Fab)
      (effects (font (size 1 1) (thickness 0.15)))
    )
    (fp_line (start 1.55 0.9) (end -1.55 0.9) (layer F.CrtYd) (width 0.05))
    (fp_line (start 1.55 0.9) (end 1.55 -0.9) (layer F.CrtYd) (width 0.05))
    (fp_line (start -1.55 -0.9) (end -1.55 0.9) (layer F.CrtYd) (width 0.05))
    (fp_line (start -1.55 -0.9) (end 1.55 -0.9) (layer F.CrtYd) (width 0.05))
    (fp_line (start -0.6 -0.88) (end 0.6 -0.88) (layer F.SilkS) (width 0.12))
    (fp_line (start 0.6 0.88) (end -0.6 0.88) (layer F.SilkS) (width 0.12))
    (fp_line (start -1 -0.62) (end 1 -0.62) (layer F.Fab) (width 0.1))
    (fp_line (start 1 -0.62) (end 1 0.62) (layer F.Fab) (width 0.1))
    (fp_line (start 1 0.62) (end -1 0.62) (layer F.Fab) (width 0.1))
    (fp_line (start -1 0.62) (end -1 -0.62) (layer F.Fab) (width 0.1))
    (fp_text user %R (at 0 0 180) (layer F.Fab)
      (effects (font (size 0.5 0.5) (thickness 0.075)))
    )
    (pad 2 smd rect (at 0.95 0 180) (size 0.7 1.3) (layers F.Cu F.Paste F.Mask)
      (net 8 "Net-(D3-Pad2)"))
    (pad 1 smd rect (at -0.95 0 180) (size 0.7 1.3) (layers F.Cu F.Paste F.Mask)
      (net 2 V_IN))
    (model ${KISYS3DMOD}/Resistors_SMD.3dshapes/R_0805.wrl
      (at (xyz 0 0 0))
      (scale (xyz 1 1 1))
      (rotate (xyz 0 0 0))
    )
  )

  (module Buttons_Switches_SMD:SW_SPST_PTS645 (layer F.Cu) (tedit 58724A80) (tstamp 5C650DDC)
    (at 149.098 103.124)
    (descr "C&K Components SPST SMD PTS645 Series 6mm Tact Switch")
    (tags "SPST Button Switch")
    (path /5C64E7DA)
    (attr smd)
    (fp_text reference SW1 (at 0 -4.05) (layer F.SilkS)
      (effects (font (size 1 1) (thickness 0.15)))
    )
    (fp_text value SW_Push (at 0 4.15) (layer F.Fab)
      (effects (font (size 1 1) (thickness 0.15)))
    )
    (fp_circle (center 0 0) (end 1.75 -0.05) (layer F.Fab) (width 0.1))
    (fp_line (start -3.23 3.23) (end 3.23 3.23) (layer F.SilkS) (width 0.12))
    (fp_line (start -3.23 -1.3) (end -3.23 1.3) (layer F.SilkS) (width 0.12))
    (fp_line (start -3.23 -3.23) (end 3.23 -3.23) (layer F.SilkS) (width 0.12))
    (fp_line (start 3.23 -1.3) (end 3.23 1.3) (layer F.SilkS) (width 0.12))
    (fp_line (start -3.23 -3.2) (end -3.23 -3.23) (layer F.SilkS) (width 0.12))
    (fp_line (start -3.23 3.23) (end -3.23 3.2) (layer F.SilkS) (width 0.12))
    (fp_line (start 3.23 3.23) (end 3.23 3.2) (layer F.SilkS) (width 0.12))
    (fp_line (start 3.23 -3.23) (end 3.23 -3.2) (layer F.SilkS) (width 0.12))
    (fp_line (start -5.05 -3.4) (end 5.05 -3.4) (layer F.CrtYd) (width 0.05))
    (fp_line (start -5.05 3.4) (end 5.05 3.4) (layer F.CrtYd) (width 0.05))
    (fp_line (start -5.05 -3.4) (end -5.05 3.4) (layer F.CrtYd) (width 0.05))
    (fp_line (start 5.05 3.4) (end 5.05 -3.4) (layer F.CrtYd) (width 0.05))
    (fp_line (start 3 -3) (end -3 -3) (layer F.Fab) (width 0.1))
    (fp_line (start 3 3) (end 3 -3) (layer F.Fab) (width 0.1))
    (fp_line (start -3 3) (end 3 3) (layer F.Fab) (width 0.1))
    (fp_line (start -3 -3) (end -3 3) (layer F.Fab) (width 0.1))
    (fp_text user %R (at 0 -4.05) (layer F.Fab)
      (effects (font (size 1 1) (thickness 0.15)))
    )
    (pad 2 smd rect (at 3.98 2.25) (size 1.55 1.3) (layers F.Cu F.Paste F.Mask)
      (net 9 BTN))
    (pad 1 smd rect (at 3.98 -2.25) (size 1.55 1.3) (layers F.Cu F.Paste F.Mask)
      (net 1 GND))
    (pad 1 smd rect (at -3.98 -2.25) (size 1.55 1.3) (layers F.Cu F.Paste F.Mask)
      (net 1 GND))
    (pad 2 smd rect (at -3.98 2.25) (size 1.55 1.3) (layers F.Cu F.Paste F.Mask)
      (net 9 BTN))
    (model ${KISYS3DMOD}/Buttons_Switches_SMD.3dshapes/SW_SPST_PTS645.wrl
      (at (xyz 0 0 0))
      (scale (xyz 1 1 1))
      (rotate (xyz 0 0 0))
    )
  )

  (module TO_SOT_Packages_SMD:SOT-23-6_Handsoldering (layer F.Cu) (tedit 58CE4E7E) (tstamp 5C650585)
    (at 137.922 108.966 90)
    (descr "6-pin SOT-23 package, Handsoldering")
    (tags "SOT-23-6 Handsoldering")
    (path /5C61C7F3)
    (attr smd)
    (fp_text reference U1 (at 0 -2.9 90) (layer F.SilkS)
      (effects (font (size 1 1) (thickness 0.15)))
    )
    (fp_text value ATtiny10-TS (at 0 2.9 90) (layer F.Fab)
      (effects (font (size 1 1) (thickness 0.15)))
    )
    (fp_line (start 0.9 -1.55) (end 0.9 1.55) (layer F.Fab) (width 0.1))
    (fp_line (start 0.9 1.55) (end -0.9 1.55) (layer F.Fab) (width 0.1))
    (fp_line (start -0.9 -0.9) (end -0.9 1.55) (layer F.Fab) (width 0.1))
    (fp_line (start 0.9 -1.55) (end -0.25 -1.55) (layer F.Fab) (width 0.1))
    (fp_line (start -0.9 -0.9) (end -0.25 -1.55) (layer F.Fab) (width 0.1))
    (fp_line (start -2.4 -1.8) (end 2.4 -1.8) (layer F.CrtYd) (width 0.05))
    (fp_line (start 2.4 -1.8) (end 2.4 1.8) (layer F.CrtYd) (width 0.05))
    (fp_line (start 2.4 1.8) (end -2.4 1.8) (layer F.CrtYd) (width 0.05))
    (fp_line (start -2.4 1.8) (end -2.4 -1.8) (layer F.CrtYd) (width 0.05))
    (fp_line (start 0.9 -1.61) (end -2.05 -1.61) (layer F.SilkS) (width 0.12))
    (fp_line (start -0.9 1.61) (end 0.9 1.61) (layer F.SilkS) (width 0.12))
    (fp_text user %R (at 0 0 180) (layer F.Fab)
      (effects (font (size 0.5 0.5) (thickness 0.075)))
    )
    (pad 5 smd rect (at 1.35 0 90) (size 1.56 0.65) (layers F.Cu F.Paste F.Mask)
      (net 2 V_IN))
    (pad 6 smd rect (at 1.35 -0.95 90) (size 1.56 0.65) (layers F.Cu F.Paste F.Mask)
      (net 7 GP))
    (pad 4 smd rect (at 1.35 0.95 90) (size 1.56 0.65) (layers F.Cu F.Paste F.Mask)
      (net 9 BTN))
    (pad 3 smd rect (at -1.35 0.95 90) (size 1.56 0.65) (layers F.Cu F.Paste F.Mask)
      (net 3 V_OUT))
    (pad 2 smd rect (at -1.35 0 90) (size 1.56 0.65) (layers F.Cu F.Paste F.Mask)
      (net 1 GND))
    (pad 1 smd rect (at -1.35 -0.95 90) (size 1.56 0.65) (layers F.Cu F.Paste F.Mask)
      (net 6 PWM))
    (model ${KISYS3DMOD}/TO_SOT_Packages_SMD.3dshapes/SOT-23-6.wrl
      (at (xyz 0 0 0))
      (scale (xyz 1 1 1))
      (rotate (xyz 0 0 0))
    )
  )

  (module Pin_Headers:Pin_Header_Straight_1x02_Pitch2.54mm (layer F.Cu) (tedit 59650532) (tstamp 5C651463)
    (at 127.381 104.775 90)
    (descr "Through hole straight pin header, 1x02, 2.54mm pitch, single row")
